---
startPose:
  x: -60.0
  y: 48.0
  heading: 3.141592653589793
startTangent: 0.0
waypoints:
- position:
    x: 12.0
    y: 60.0
  heading: 3.141592653589793
  tangent: 0.0
  interpolationType: "LINEAR"
resolution: 0.25
version: 1
